  -6.4469498768385165e+01  -7.2598067848565984e-02   2.1610222841682676e+00   8.5488818048675554e+00  -1.9608100421963344e+00   5.9400684124681892e-02   3.6133638261998917e+00   2.8642207957876845e+01  -1.4817355032047397e+00  -1.0084281059144622e+01   3.8098639403559653e-01  -6.1970490493553942e+00  -2.3539511753721837e-02  -5.2030353413274213e+00  -1.2016538086819882e+01  -4.8164668364458374e-01   1.5808042106626452e-02   6.3033413635437929e-01  -4.0375033402284805e-01  -5.3021695489693113e-02   6.2369656545465481e-02   2.8578105168465223e-01  -3.1194437194441180e+00   2.8878250226444677e-02   4.9956875702867956e-03   5.5317186901993836e+00   1.1780183901315197e-01   1.3602572314875276e+00   7.2811046095146131e-02  -1.2918926443474729e-01
  -7.2598067848565984e-02  -4.3136650137959933e+01   6.4962035908276178e-02  -1.7071895394537637e-01   5.4821994792654793e-01   3.3779577658788043e+01   4.3371305721098746e-01  -1.3666721326486180e+00  -2.4096773734742818e+01  -1.9487593581960011e-01  -9.4433853784519997e+00  -2.6642739397271858e-01   1.2197812968048605e-02  -4.9395199823566105e-02  -7.3348048911634600e-02   7.2928730962454665e-03  -2.5656994771226613e-02  -3.5337763456080362e-02   1.4005596920126893e-03  -1.1702068326512247e-02   1.5540399325151824e-03  -9.8728701857068030e-03  -3.7219290832078314e-03  -1.7300781833658720e-02  -5.4202279388949146e-03   1.4855950680057505e-02  -2.2858632177519848e-03   3.4507417013601063e-02  -1.3783957927610280e-01   1.5435346510684167e-01
   2.1610222841682676e+00   6.4962035908276178e-02  -4.1278968647952830e+01  -7.7041911765280844e+00   9.1498911201808308e+00  -3.5359344266572328e-02  -1.9292218176951652e+00  -8.1719839001674792e+00   4.9883147056846810e-01  -1.2861979564280121e+01  -2.7906044900205812e-01   7.0104555556955317e+00  -5.3894298330185705e-02   1.2619080078751006e+00   1.8143556854228788e+00  -1.9290102995380226e-01   4.4443962080380595e-01   3.6270349815651874e+00   7.6543443760910268e-03  -2.5261884959229104e-02   8.7208716934363967e-02   1.2838767482199009e-02  -5.2706942540883084e-01  -1.9650763822940714e-02   1.5714486924575605e-01   1.3842360421313880e+00   3.0823241489707338e-02   2.8856108681615178e-01   3.3341350489224680e-02   2.0415211792757439e-02
   8.5488818048675554e+00  -1.7071895394537637e-01  -7.7041911765280844e+00  -3.8546505591428527e+01  -3.9816722529095638e-01   1.3229114376733597e-01  -4.3934440557906989e+00  -1.0730309869422252e+01   4.1167362452787365e-01   4.8867806105510123e+00   2.6667104161047601e-03   3.2555406018725659e+00  -2.5496246474620954e-02  -4.6715283098197462e+00  -1.0933369667056777e+01  -4.2102735259844842e-01  -8.9371201092754010e-02  -2.3964697574004318e-01  -4.4127403409013466e-01   1.0002864176864898e-01  -2.5333770502734207e-03   2.0730865270846499e-01   3.5071666858501702e-02  -3.7443393951912610e-02  -1.9275253608736237e-01   4.6973560974618573e+00   1.0574593791469969e-01   1.1994533303356301e+00   1.1784719708082997e-01  -1.0258227811760021e-01
  -1.9608100421963344e+00   5.4821994792654793e-01   9.1498911201808308e+00  -3.9816722529095638e-01  -7.6140970795268942e+01   2.5892380226051637e-01  -1.2664573373358097e+01   7.8098033374215605e+00  -5.7590941579597121e-01   2.0334913593731656e+01  -3.8691231915555929e-02  -1.6694289326429441e+00  -2.8004353751908420e-02  -4.3182030818654227e-01  -1.0418599309425374e+00  -5.1059935503100251e-01   1.2933039377428992e+00   1.1522761515622193e+01   2.2204223011484214e-01  -1.4362253874486516e-01   4.1469195535355063e-01  -3.7208498272411783e-01   2.0184719123990669e-01  -5.7261287325301460e-02   1.0907104040143747e-01  -7.0119622945103410e-01   1.4963412492772896e-02   1.7603232381101677e-01   1.4058653561891643e-01   2.0982974146272616e-05
   5.9400684124681892e-02   3.3779577658788043e+01  -3.5359344266572328e-02   1.3229114376733597e-01   2.5892380226051637e-01  -6.1961719056866499e+01  -2.1827748072628125e-01   9.5017586921829711e-01   1.8406579697679199e+01  -1.8504162632808263e-01  -3.1843098089207809e+00  -6.0288624288696774e-02   8.8380428643452264e-03  -4.0332617340464699e-02  -4.6931231540758428e-02   2.9102719079902698e-02  -1.1867417577855137e-01  -7.7049788914115319e-02   4.4036633283213089e-01  -1.3713379693196448e+01  -1.1756815370661088e-01   9.1771456094835946e-02  -1.7619375789504892e-02   1.1480348217549186e-01   6.8191678689573983e-03   5.1980351124059687e-02   5.5231592037905383e-02  -8.7589353182322832e-02   5.0452923105657843e-01  -4.4770840618426044e-01
   3.6133638261998917e+00   4.3371305721098746e-01  -1.9292218176951652e+00  -4.3934440557906989e+00  -1.2664573373358097e+01  -2.1827748072628125e-01  -2.8572078339384795e+01  -2.3291471115051703e+00   1.2779606734208954e-01   1.8952677678794299e+01   3.9691799344699663e-01  -8.7491383002813450e+00   3.6114542407601258e-02   8.9333292204668913e-01   3.1213863381919698e+00   4.3504454544460458e-01  -4.9244173702396088e-01  -4.3578399168475332e+00   5.2510030935974367e-02  -8.6545709835487039e-02  -7.1794775419823390e-02   3.4975231598823472e-02  -4.5755680056370807e-01  -4.3260181729399289e-03   1.7861063727393319e-02   2.1547999363967762e+00   4.7507297812606694e-02   5.0087652178273490e-01   7.7000986068490651e-02   4.1967646310556897e-02
   2.8642207957876845e+01  -1.3666721326486180e+00  -8.1719839001674792e+00  -1.0730309869422252e+01   7.8098033374215605e+00   9.5017586921829711e-01  -2.3291471115051703e+00  -4.5900370807663109e+01   9.3869339946639679e-02  -1.3713594522276777e+00  -1.7373697089479652e+00   6.0515795548680842e+00   2.6414017588744468e-02   8.0143775667154529e+00   1.8246513982171180e+01   4.8315511732010730e-01   1.9338944377612965e-01   8.2784117541075419e-01   4.2538041298551765e-01  -3.5898977796133991e-02   1.1393001895388138e-01  -1.4597345781775922e-01   2.1906384561856109e+00   1.0302626089087472e-02  -8.8113130040071597e-02   4.8883612953753869e-01  -8.1042869781752097e-03   8.9318075851004962e-05  -9.0311393307687893e-02   8.3349394979984989e-02
  -1.4817355032047397e+00  -2.4096773734742818e+01   4.9883147056846810e-01   4.1167362452787365e-01  -5.7590941579597121e-01   1.8406579697679199e+01   1.2779606734208954e-01   9.3869339946639679e-02  -4.4774069986590362e+01   2.2658116112836141e-01  -2.4632247901094352e+01  -1.2361974727279994e+00  -7.4317096128489698e-04  -5.4187905117087920e-01  -1.1367260606964280e+00  -1.5605709350065411e-04  -7.8315235171051462e-02  -1.9995508515136201e-01   9.4775777498508948e-02  -3.1109004962585463e+00  -3.6086836620838961e-02  -1.5790275828918602e-03  -9.0145088763039269e-02  -2.4115580435780437e-02   1.8218590831093995e-03  -2.0616430588786278e-02  -7.1619200998371380e-02   7.9807986830311844e-02  -4.3472153313994749e-01   2.1737992717312932e-01
  -1.0084281059144622e+01  -1.9487593581960011e-01  -1.2861979564280121e+01   4.8867806105510123e+00   2.0334913593731656e+01  -1.8504162632808263e-01   1.8952677678794299e+01  -1.3713594522276777e+00   2.2658116112836141e-01  -3.7669952908601189e+01  -6.2518631788398205e-01   1.4493173151404987e+01  -7.5205326917178614e-02  -1.9251599311035447e-01  -1.3031840751020485e+00  -8.2069235165619303e-01   1.1685074288030337e+00   1.0464800297476950e+01  -1.2717834092171942e-01  -9.5074130563316650e-02   4.6962760907340673e-01   4.1537253813847730e-01  -3.1772910220519019e+00   1.7526811601466970e-03   1.5927117273200797e-01   4.7156974398559370e+00   9.7883475685260124e-02   1.1429649789288185e+00   5.8030480867517734e-02  -3.1559305122468441e-02
   3.8098639403559653e-01  -9.4433853784519997e+00  -2.7906044900205812e-01   2.6667104161047601e-03  -3.8691231915555929e-02  -3.1843098089207809e+00   3.9691799344699663e-01  -1.7373697089479652e+00  -2.4632247901094352e+01  -6.2518631788398205e-01  -2.7859370653267948e+01  -7.8439395968986914e-02  -4.8028780794560216e-03   7.3749352990156891e-02   2.7066580828534947e-01   6.4001203907945226e-02  -1.3263216657623045e-01   3.9689540454711503e-01   6.0235217392174556e-01  -1.8300737581251216e+01  -1.3826168141829606e-01   5.4975155379461904e-02  -2.9453424989384414e-02   8.1040026573767521e-02   5.2692199751537168e-03  -9.1480203343181105e-02   4.8341643155561359e-02  -5.0344901205684939e-02   2.5499847074448556e-01  -3.5797987990938307e-02
  -6.1970490493553942e+00  -2.6642739397271858e-01   7.0104555556955317e+00   3.2555406018725659e+00  -1.6694289326429441e+00  -6.0288624288696774e-02  -8.7491383002813450e+00   6.0515795548680842e+00  -1.2361974727279994e+00   1.4493173151404987e+01  -7.8439395968986914e-02  -2.2342409408902569e+01  -1.6424636872582238e-01  -1.6411720261873555e+00  -2.6823413856025189e+00   4.7340335182029891e-01  -1.1648279785668736e+00  -1.1906253331525038e+01   4.0153108884047731e-02  -6.1382796437106535e-01  -4.1699262897298378e-01   1.3446914941962021e-01   1.8644933792679281e+00  -4.7059679889734612e-02  -3.0155844062020709e-01   6.5032670767603773e-02  -3.7529981059040507e-03   4.9366961376626273e-02  -6.1368874945325835e-02  -5.5508059909922851e-02
  -2.3539511753721837e-02   1.2197812968048605e-02  -5.3894298330185705e-02  -2.5496246474620954e-02  -2.8004353751908420e-02   8.8380428643452264e-03   3.6114542407601258e-02   2.6414017588744468e-02  -7.4317096128489698e-04  -7.5205326917178614e-02  -4.8028780794560216e-03  -1.6424636872582238e-01  -6.9683386458670583e+01   3.5199624793310146e-02   6.8483223910299235e-02  -1.8277286218325542e-02   1.8217181487482684e+01  -2.1738513790486733e+00   5.4092834641549029e-03  -4.0329013141718900e-01  -4.0502333646821098e-02  -2.5630116025760534e-02  -5.3665794564808222e-01  -2.9869456484186856e+01   3.7977288093714767e-01   1.2266114757113891e-01  -4.4601038695136291e-02  -1.0302302099202335e-01  -1.4918873473964556e-01   2.1628740693909076e-01
  -5.2030353413274213e+00  -4.9395199823566105e-02   1.2619080078751006e+00  -4.6715283098197462e+00  -4.3182030818654227e-01  -4.0332617340464699e-02   8.9333292204668913e-01   8.0143775667154529e+00  -5.4187905117087920e-01  -1.9251599311035447e-01   7.3749352990156891e-02  -1.6411720261873555e+00   3.5199624793310146e-02  -4.1911523429568263e+01   3.7299827362998084e+00  -1.2479812957341606e+01  -6.2455835614399643e-02  -3.5740488067055498e-01  -7.3958266772197092e+00  -2.4903880233905343e-01   8.0754476327117075e+00   1.7383273472554418e+01  -2.2373473483637141e+00  -1.7484368708582021e-01  -1.7231347170528888e+01   2.8667038162069014e+00   1.4154306956597747e-02   2.0973829370265151e+00  -4.2713155417618026e-01   4.1067607161435221e-01
  -1.2016538086819882e+01  -7.3348048911634600e-02   1.8143556854228788e+00  -1.0933369667056777e+01  -1.0418599309425374e+00  -4.6931231540758428e-02   3.1213863381919698e+00   1.8246513982171180e+01  -1.1367260606964280e+00  -1.3031840751020485e+00   2.7066580828534947e-01  -2.6823413856025189e+00   6.8483223910299235e-02   3.7299827362998084e+00  -3.7532670269506895e+01   5.7681987098381953e+00   3.6131830411330031e-04   3.9878163289043027e-02   2.5485169018793870e+00   3.9592892202897308e-02  -3.5546104114695396e+00  -7.5368615376962094e+00  -2.3208908926423817e+00   1.9009572943538061e-01   7.8213546565048269e+00   1.0129503469644925e+01   2.4154467078405978e-01   1.2293129730174204e+00   4.9213619068731773e-01  -5.0047153835301006e-01
  -4.8164668364458374e-01   7.2928730962454665e-03  -1.9290102995380226e-01  -4.2102735259844842e-01  -5.1059935503100251e-01   2.9102719079902698e-02   4.3504454544460458e-01   4.8315511732010730e-01  -1.5605709350065411e-04  -8.2069235165619303e-01   6.4001203907945226e-02   4.7340335182029891e-01  -1.8277286218325542e-02  -1.2479812957341606e+01   5.7681987098381953e+00  -5.2779157604889910e+01  -9.4685458760984678e-02  -8.3010520996575754e-01   7.2917725440103709e+00   2.3780874163394003e-01  -4.5693505697486394e+00   7.5883227644658486e+00   1.8563973057234279e-01  -1.3189213852507581e-01  -5.1246839891464910e+00  -4.7728650154503827e+00   2.0512993974676644e-01   2.0294283819069790e+01  -7.2200390861757402e-01   1.4047043571340514e+00
   1.5808042106626452e-02  -2.5656994771226613e-02   4.4443962080380595e-01  -8.9371201092754010e-02   1.2933039377428992e+00  -1.1867417577855137e-01  -4.9244173702396088e-01   1.9338944377612965e-01  -7.8315235171051462e-02   1.1685074288030337e+00  -1.3263216657623045e-01  -1.1648279785668736e+00   1.8217181487482684e+01  -6.2455835614399643e-02   3.6131830411330031e-04  -9.4685458760984678e-02  -5.6096984891487111e+01   3.2135729420858747e+00   7.4750985244635013e-02   3.7217908614139561e-01   4.3810651620839608e-02  -2.5577841253313086e-02   5.6249458502872673e-01   1.8540312996104728e+01  -2.7543311710322249e-01  -4.0338522733795801e-01   2.0486765075266818e-02   2.7134521610622558e-02  -1.4757358271661133e-02   3.8307969065785138e-02
   6.3033413635437929e-01  -3.5337763456080362e-02   3.6270349815651874e+00  -2.3964697574004318e-01   1.1522761515622193e+01  -7.7049788914115319e-02  -4.3578399168475332e+00   8.2784117541075419e-01  -1.9995508515136201e-01   1.0464800297476950e+01   3.9689540454711503e-01  -1.1906253331525038e+01  -2.1738513790486733e+00  -3.5740488067055498e-01   3.9878163289043027e-02  -8.3010520996575754e-01   3.2135729420858747e+00  -2.8144438666637647e+01   6.0025602967402980e-01   4.7465514638927592e-02   3.4521059347971006e-01  -5.9941620292774167e-01   1.4838330611392374e+00  -2.2907240899574015e+00  -5.9089843301307132e-01  -4.1014760043971066e+00  -1.0692032843828725e-01  -5.0527088196699088e-01  -3.0402050007100956e-01  -6.1180449519613600e-03
  -4.0375033402284805e-01   1.4005596920126893e-03   7.6543443760910268e-03  -4.4127403409013466e-01   2.2204223011484214e-01   4.4036633283213089e-01   5.2510030935974367e-02   4.2538041298551765e-01   9.4775777498508948e-02  -1.2717834092171942e-01   6.0235217392174556e-01   4.0153108884047731e-02   5.4092834641549029e-03  -7.3958266772197092e+00   2.5485169018793870e+00   7.2917725440103709e+00   7.4750985244635013e-02   6.0025602967402980e-01  -2.9618519792260301e+01   1.9987443451018005e-01   2.6948057837936679e-01  -2.0095253451935209e+00   2.2801845842080026e-01   9.9953980342428368e-03  -4.2161246791042484e-01  -5.3177229815414950e-02  -4.7405031199630472e-02   7.2039226815532056e-02  -5.9951719679102666e-01   5.0360498771746243e-01
  -5.3021695489693113e-02  -1.1702068326512247e-02  -2.5261884959229104e-02   1.0002864176864898e-01  -1.4362253874486516e-01  -1.3713379693196448e+01  -8.6545709835487039e-02  -3.5898977796133991e-02  -3.1109004962585463e+00  -9.5074130563316650e-02  -1.8300737581251216e+01  -6.1382796437106535e-01  -4.0329013141718900e-01  -2.4903880233905343e-01   3.9592892202897308e-02   2.3780874163394003e-01   3.7217908614139561e-01   4.7465514638927592e-02   1.9987443451018005e-01  -3.4916916156106161e+01   2.2367095046500468e-01  -1.5869473587292560e-01  -8.0355512781600719e-02  -3.1913246757901959e-01  -1.3696673827815825e-01   6.1010739522700218e-03   1.1432931701804759e-01  -1.9104287195847966e-01   9.9436504032295214e-01  -5.4865701693039859e-01
   6.2369656545465481e-02   1.5540399325151824e-03   8.7208716934363967e-02  -2.5333770502734207e-03   4.1469195535355063e-01  -1.1756815370661088e-01  -7.1794775419823390e-02   1.1393001895388138e-01  -3.6086836620838961e-02   4.6962760907340673e-01  -1.3826168141829606e-01  -4.1699262897298378e-01  -4.0502333646821098e-02   8.0754476327117075e+00  -3.5546104114695396e+00  -4.5693505697486394e+00   4.3810651620839608e-02   3.4521059347971006e-01   2.6948057837936679e-01   2.2367095046500468e-01  -6.3302104096120061e+01   1.1089566633465774e+01   3.8369070873476208e+00   1.7567313037733437e-01   2.5517415519792287e+01  -1.5510123714372193e+00   2.3278824634149992e-01   8.7873967846683527e+00   5.5551801753178887e-01  -2.4880465362646798e-01
   2.8578105168465223e-01  -9.8728701857068030e-03   1.2838767482199009e-02   2.0730865270846499e-01  -3.7208498272411783e-01   9.1771456094835946e-02   3.4975231598823472e-02  -1.4597345781775922e-01  -1.5790275828918602e-03   4.1537253813847730e-01   5.4975155379461904e-02   1.3446914941962021e-01  -2.5630116025760534e-02   1.7383273472554418e+01  -7.5368615376962094e+00   7.5883227644658486e+00  -2.5577841253313086e-02  -5.9941620292774167e-01  -2.0095253451935209e+00  -1.5869473587292560e-01   1.1089566633465774e+01  -4.4369717052711536e+01  -1.3644846882787385e+00   6.9276272370956196e-02   5.9653317259877048e-01   4.5308302615906779e+00  -2.1944149454992040e-01  -1.7577529397972466e+01   1.0465861643980186e-01  -5.5130659066844090e-01
  -3.1194437194441180e+00  -3.7219290832078314e-03  -5.2706942540883084e-01   3.5071666858501702e-02   2.0184719123990669e-01  -1.7619375789504892e-02  -4.5755680056370807e-01   2.1906384561856109e+00  -9.0145088763039269e-02  -3.1772910220519019e+00  -2.9453424989384414e-02   1.8644933792679281e+00  -5.3665794564808222e-01  -2.2373473483637141e+00  -2.3208908926423817e+00   1.8563973057234279e-01   5.6249458502872673e-01   1.4838330611392374e+00   2.2801845842080026e-01  -8.0355512781600719e-02   3.8369070873476208e+00  -1.3644846882787385e+00  -7.4828333702857037e+00  -9.1986994032285230e-01  -4.4022332602713234e+00   2.9693511622142346e+00  -1.4516961214574010e-02  -1.5663181190428710e+00  -2.9287932646084602e-02   4.6070918981971687e-02
   2.8878250226444677e-02  -1.7300781833658720e-02  -1.9650763822940714e-02  -3.7443393951912610e-02  -5.7261287325301460e-02   1.1480348217549186e-01  -4.3260181729399289e-03   1.0302626089087472e-02  -2.4115580435780437e-02   1.7526811601466970e-03   8.1040026573767521e-02  -4.7059679889734612e-02  -2.9869456484186856e+01  -1.7484368708582021e-01   1.9009572943538061e-01  -1.3189213852507581e-01   1.8540312996104728e+01  -2.2907240899574015e+00   9.9953980342428368e-03  -3.1913246757901959e-01   1.7567313037733437e-01   6.9276272370956196e-02  -9.1986994032285230e-01  -5.9321866790397905e+01   2.7549023496014752e-01   1.9838124016711861e-01  -3.5272363326982713e-02  -1.6519217120941726e-01  -2.9641690630067508e-01   5.4688265343358422e-01
   4.9956875702867956e-03  -5.4202279388949146e-03   1.5714486924575605e-01  -1.9275253608736237e-01   1.0907104040143747e-01   6.8191678689573983e-03   1.7861063727393319e-02  -8.8113130040071597e-02   1.8218590831093995e-03   1.5927117273200797e-01   5.2692199751537168e-03  -3.0155844062020709e-01   3.7977288093714767e-01  -1.7231347170528888e+01   7.8213546565048269e+00  -5.1246839891464910e+00  -2.7543311710322249e-01  -5.9089843301307132e-01  -4.2161246791042484e-01  -1.3696673827815825e-01   2.5517415519792287e+01   5.9653317259877048e-01  -4.4022332602713234e+00   2.7549023496014752e-01  -4.7988478358608482e+01   7.7969761462147669e-01  -2.5258974803990730e-01  -8.4646609482620079e+00  -1.3129560815534544e+00   9.6683610490107574e-01
   5.5317186901993836e+00   1.4855950680057505e-02   1.3842360421313880e+00   4.6973560974618573e+00  -7.0119622945103410e-01   5.1980351124059687e-02   2.1547999363967762e+00   4.8883612953753869e-01  -2.0616430588786278e-02   4.7156974398559370e+00  -9.1480203343181105e-02   6.5032670767603773e-02   1.2266114757113891e-01   2.8667038162069014e+00   1.0129503469644925e+01  -4.7728650154503827e+00  -4.0338522733795801e-01  -4.1014760043971066e+00  -5.3177229815414950e-02   6.1010739522700218e-03  -1.5510123714372193e+00   4.5308302615906779e+00   2.9693511622142346e+00   1.9838124016711861e-01   7.7969761462147669e-01  -1.6574641138709637e+01   5.4928756711123072e-01   6.7647022308229907e+00  -2.3592193320601765e-01   5.2944608156546047e-01
   1.1780183901315197e-01  -2.2858632177519848e-03   3.0823241489707338e-02   1.0574593791469969e-01   1.4963412492772896e-02   5.5231592037905383e-02   4.7507297812606694e-02  -8.1042869781752097e-03  -7.1619200998371380e-02   9.7883475685260124e-02   4.8341643155561359e-02  -3.7529981059040507e-03  -4.4601038695136291e-02   1.4154306956597747e-02   2.4154467078405978e-01   2.0512993974676644e-01   2.0486765075266818e-02  -1.0692032843828725e-01  -4.7405031199630472e-02   1.1432931701804759e-01   2.3278824634149992e-01  -2.1944149454992040e-01  -1.4516961214574010e-02  -3.5272363326982713e-02  -2.5258974803990730e-01   5.4928756711123072e-01  -4.7250602762287237e+01   1.8800646690722439e-01  -5.3082710048365751e+00   1.7445738505099135e+00
   1.3602572314875276e+00   3.4507417013601063e-02   2.8856108681615178e-01   1.1994533303356301e+00   1.7603232381101677e-01  -8.7589353182322832e-02   5.0087652178273490e-01   8.9318075851004962e-05   7.9807986830311844e-02   1.1429649789288185e+00  -5.0344901205684939e-02   4.9366961376626273e-02  -1.0302302099202335e-01   2.0973829370265151e+00   1.2293129730174204e+00   2.0294283819069790e+01   2.7134521610622558e-02  -5.0527088196699088e-01   7.2039226815532056e-02  -1.9104287195847966e-01   8.7873967846683527e+00  -1.7577529397972466e+01  -1.5663181190428710e+00  -1.6519217120941726e-01  -8.4646609482620079e+00   6.7647022308229907e+00   1.8800646690722439e-01  -4.1936517519193330e+01   4.0822368317427893e-01  -1.4357325756007544e+00
   7.2811046095146131e-02  -1.3783957927610280e-01   3.3341350489224680e-02   1.1784719708082997e-01   1.4058653561891643e-01   5.0452923105657843e-01   7.7000986068490651e-02  -9.0311393307687893e-02  -4.3472153313994749e-01   5.8030480867517734e-02   2.5499847074448556e-01  -6.1368874945325835e-02  -1.4918873473964556e-01  -4.2713155417618026e-01   4.9213619068731773e-01  -7.2200390861757402e-01  -1.4757358271661133e-02  -3.0402050007100956e-01  -5.9951719679102666e-01   9.9436504032295214e-01   5.5551801753178887e-01   1.0465861643980186e-01  -2.9287932646084602e-02  -2.9641690630067508e-01  -1.3129560815534544e+00  -2.3592193320601765e-01  -5.3082710048365751e+00   4.0822368317427893e-01  -1.1640823305722007e+01   7.9740876049026588e-01
  -1.2918926443474729e-01   1.5435346510684167e-01   2.0415211792757439e-02  -1.0258227811760021e-01   2.0982974146272616e-05  -4.4770840618426044e-01   4.1967646310556897e-02   8.3349394979984989e-02   2.1737992717312932e-01  -3.1559305122468441e-02  -3.5797987990938307e-02  -5.5508059909922851e-02   2.1628740693909076e-01   4.1067607161435221e-01  -5.0047153835301006e-01   1.4047043571340514e+00   3.8307969065785138e-02  -6.1180449519613600e-03   5.0360498771746243e-01  -5.4865701693039859e-01  -2.4880465362646798e-01  -5.5130659066844090e-01   4.6070918981971687e-02   5.4688265343358422e-01   9.6683610490107574e-01   5.2944608156546047e-01   1.7445738505099135e+00  -1.4357325756007544e+00   7.9740876049026588e-01  -8.0230022738095634e+00
